-719.0
-719.0
-719.0
-720.0
-720.0
-718.0
-720.0
-720.0
-720.0
-719.0
-718.0
-720.0
-719.0
-719.0
-719.0
-719.0
-719.0
-719.0
-718.0
-718.0
-719.0
-719.0
-719.0
-718.0
-719.0
-719.0
-720.0
-718.0
-719.0
-720.0
-721.0
-719.0
-720.0
-720.0
-718.0
-718.0
-718.0
-718.0
-720.0
-719.0
-719.0
-720.0
-719.0
-719.0
-719.0
-718.0
-720.0
-719.0
-720.0
-721.0
-719.0
-718.0
-719.0
-720.0
-719.0
-719.0
-719.0
-720.0
-720.0
-719.0
-720.0
-721.0
-719.0
-721.0
-719.0
-719.0
-719.0
-720.0
-719.0
-719.0
-720.0
-718.0
-720.0
-719.0
-719.0
-719.0
-719.0
-719.0
-718.0
-719.0
-720.0
-719.0
-720.0
-719.0
-719.0
-718.0
-718.0
-719.0
-720.0
-720.0
-719.0
-719.0
-719.0
-720.0
-718.0
-720.0
-719.0
-720.0
-719.0
-720.0
